:			Group	Binary	Binary	Binary	Binary	Binary	Binary	Binary	Binary	Binary	Binary	Binary	Binary	Binary	Binary	Binary	Binary	Binary	Binary	Binary	Binary	Binary	Binary	Binary	Binary	Binary	Binary	Binary	Binary	Binary	Binary	Binary	Binary	Binary	Binary	Binary	
			Scripts	Coord 1	Coord 2	Coord 3	Coord 4	Coord 5	Coord 6	Coord 7	Coord 8	Coord 9	Coord 10	Coord 11	Coord 12	Coord 13	Coord 14	Coord 15	Coord 16	Coord 17	Coord 18	Coord 19	Coord 20	Coord 21	Coord 22	Coord 23	Coord 24	Coord 25	Coord 26	Coord 27	Coord 28	Coord 29	Coord 30	Coord 31	Coord 32	Coord 33	Coord 34	Coord 35	
Blue	Dot	Yabogan          	TR	-0.16996	0.44952	-0.046514	0.059119	0.035784	-0.088176	0.011412	-0.026495	0.0076455	0.0082786	-0.007058	0.034998	0.010991	-0.057836	0.034675	0.014829	-0.072605	0.06569	-0.031055	0.0011875	0.029721	-0.019396	-0.10005	0.05625	-0.044299	-0.013903	-0.025897	-0.026594	-0.0084829	-0.025212	-0.02412	-0.0099814	-0.0062225	-0.0029693	0	
Blue	Dot	Almaly_II        	TR	-0.050843	0.40277	-0.023789	0.024367	-0.002994	0.039329	-0.035749	-0.089538	0.19289	0.0024565	0.00051926	-0.060813	-0.021155	0.13328	0.012852	-0.061472	-0.084415	0.10538	-0.033068	0.063978	0.0085706	-0.1338	0.07741	-0.047964	0.065808	-0.015373	-0.044738	0.012391	0.0018118	0.016402	-0.017435	0.0096004	-0.0045831	0.00049801	0	
Blue	Dot	Bilge_Khagan     	TR	-0.089421	0.40032	-0.099089	0.093387	0.042969	0.015929	0.0058647	0.059574	0.10028	-0.08367	-0.061877	-0.070366	0.086945	-0.04398	0.0095273	0.028485	0.055349	0.048357	-0.01319	0.041234	0.048978	0.040923	-0.055027	0.04033	-0.024256	-0.044578	-0.0044505	0.03368	0.004023	-0.005475	0.02426	-0.002888	-0.018124	-0.014961	0	
Blue	Dot	Tamgaly          	TR	-0.0767	0.26734	0.20556	-0.095453	-0.046072	-0.072976	-0.17895	-0.097631	0.27214	0.032901	-0.067593	0.23945	-0.22006	-0.24677	-0.1318	0.021512	0.037066	-0.024666	0.074745	0.016905	0.019724	0.022921	0.05026	0.01549	-0.036279	-0.02929	0.029769	0.0046708	0.0079728	0.010472	0.0068599	0.002013	0.00029742	0.0009828	0	
Blue	Dot	Kalbak_Tash_II   	TR	-0.15294	0.44514	-0.14482	-0.087594	-0.075688	-0.066796	0.075626	-0.0074505	-0.11309	0.035095	-0.0084144	0.021571	0.0021381	-0.0023583	-0.11815	-0.064502	-0.091489	-0.031672	0.035271	-0.02726	-0.041287	0.006935	0.12318	-0.018407	-0.070721	0.025878	0.016887	0.028849	0.013507	-0.020564	0.018212	-0.034888	0.0079378	-0.0021581	0	
Blue	Dot	Koytubek         	TR	-0.039185	0.34688	0.0495	0.091076	-0.053693	-0.1456	-0.14959	-0.050333	0.023288	0.15513	0.2101	-0.154	-0.14595	0.028585	0.11766	-0.19342	0.09618	0.12202	0.036904	-0.060726	0.0043271	0.036084	0.024728	-0.027646	0.021556	-0.010709	0.014102	-0.018954	0.013675	-0.017082	0.008895	0.015406	-0.00097773	0.0033304	0	
Blue	Dot	Kul_Tegin        	TR	-0.09027	0.39667	-0.10105	0.093767	0.044186	0.014866	0.0038168	0.061354	0.10233	-0.081486	-0.064151	-0.070334	0.090328	-0.041879	0.009926	0.026111	0.052689	0.054908	-0.021764	0.052829	0.052842	0.051094	-0.069262	0.021481	-0.04377	-0.029228	-0.01589	0.027552	0.012064	0.010257	-0.020356	-0.016457	0.029714	0.011342	0	
Blue	Dot	Kuljabasy_I      	TR	-0.16617	0.35407	0.18131	-0.13531	-0.037213	0.059339	0.1611	-0.17088	0.085962	-0.10419	-0.0255	0.16099	-0.085095	0.064443	0.038113	0.034832	-0.021254	-0.048595	-0.031722	0.0061815	0.040683	-0.043181	-0.010856	0.049501	0.015844	0.032157	-0.030363	0.026604	0.052459	0.011865	0.026952	0.0039092	0.0017794	0.0022982	0	
Blue	Dot	Kuljabasy_II     	TR	-0.13889	0.3681	-0.14651	-0.077927	-0.19046	-0.1855	0.1504	0.029871	-0.28876	0.013025	0.090719	0.054773	-0.027662	-0.071864	-0.019579	0.060901	-0.094246	0.068573	0.0045637	0.033596	0.071425	0.058331	0.0030841	-0.023148	0.11365	-0.029171	-0.0087325	0.031449	0.0088749	0.028422	-0.0056503	0.0041578	-0.0026463	0.00020544	0	
Blue	Dot	Bichiktu_Boom_XV 	TR	-0.06097	0.40413	-0.033366	0.073424	0.12194	0.066368	-0.036267	0.20804	-0.055501	0.11252	-0.035291	-0.08729	-0.013385	-0.062675	-0.046471	-0.025294	0.023632	-0.055997	0.046786	-0.062524	-0.095903	-0.051616	0.022922	0.0091338	-0.023683	0.027283	-0.028721	0.061102	-0.026996	0.040103	-0.025338	0.021194	-0.0029726	-0.00056068	0	
Blue	Dot	Bichiktu_Boom_III	TR	-0.15207	0.39857	-0.019809	-0.016712	0.029925	-0.074203	0.0093032	0.0092026	-0.26025	0.066662	0.056354	-0.0026822	-0.0017823	0.035996	0.067479	0.027811	0.067034	-0.05576	-0.036649	0.026464	-0.07266	-0.0071981	-0.022307	-0.004965	-0.11252	-0.065236	-0.0050875	-0.055324	-0.020888	0.00412	0.021027	0.011515	-0.0021596	0.0020351	0	
Blue	Dot	Mendur-Sokkon_I  	TR	-0.12987	0.40213	-0.074073	0.054139	0.043669	0.0030397	0.0056047	0.14019	-0.10427	0.036755	-0.036213	-0.043104	0.060008	0.016765	0.026008	0.063539	0.0898	-0.09508	-0.069926	-0.044612	0.044394	0.039318	0.033918	-0.019935	0.041456	0.034947	-0.0075	0.029109	0.037616	-0.0074143	-0.0057721	0.0022195	-0.0022072	-0.0014248	0	
Blue	Dot	Kurgak_I         	TR	-0.1698	0.41347	-0.0035078	-0.018869	-0.0063101	0.049038	0.066585	0.049412	0.12704	-0.046802	-0.12677	0.024954	0.04507	0.036885	-0.022338	0.010566	-0.017575	-0.050239	-0.015371	-0.0079807	0.045866	0.03452	0.0051311	0.026176	0.012576	-0.014668	0.026907	-0.086873	-0.056727	0.048712	0.011449	0.016161	-0.0030044	0.0043178	0	
Blue	Dot	Urkosh           	TR	-0.14997	0.3468	0.10963	-0.027957	-0.20393	0.036799	0.2013	0.059819	-0.054665	-0.14245	0.040223	0.064056	-0.0042157	0.024968	0.14476	-0.091183	-0.0019656	-0.087648	0.02925	-0.11167	0.036396	-0.07377	-0.042326	-0.083812	-0.06615	0.038371	0.052074	0.0071253	-0.012363	-0.01242	-0.0095689	0.003622	-0.0023151	-1.2731E-05	0	
Blue	Dot	Tuva_III         	TR	-0.10794	0.36778	-0.11922	0.11289	0.030581	-0.030091	-0.1176	0.11901	0.079009	0.029766	-0.042594	-0.017591	-0.037171	-0.12282	-0.055668	0.13832	-0.038433	0.031748	-0.012479	0.063985	-0.077094	-0.070936	0.0028222	-0.033094	0.059572	0.080109	0.063702	-0.045918	-0.0086924	-0.02175	0.0036849	-0.0063773	0.00097535	0.00079665	0	
Blue	Dot	Zhon_Aryk        	TR	-0.11126	0.37515	-0.0065666	0.061146	0.0010166	0.10623	0.030978	-0.046714	0.11102	-0.11185	-0.04148	-0.035832	0.12483	0.045123	-0.068125	-0.12529	0.058746	-0.012881	0.065169	-0.0096428	-0.090512	0.06173	-0.0095942	-0.016735	0.080809	0.0080735	-0.051044	-0.036657	0.00043493	-0.057167	0.0038854	-0.0075226	0.0029793	-0.0019407	0	
Lightgreen	Fill diamond	Vargyas          	SHR	-0.12016	-0.27658	0.30713	0.034669	-0.14982	0.20206	-0.17781	0.1531	-0.10884	-0.027098	-0.10567	-0.038791	-0.079442	-0.12151	0.057696	-0.016394	0.049176	0.074636	0.022733	-0.061436	0.031354	-0.048739	0.012536	-0.053372	0.043571	-0.0054127	-0.065509	-0.026961	-0.029015	0.0080025	0.014784	-0.021121	0.0073108	-0.0012777	0	
Lightgreen	Fill diamond	Homorodkaracsonyf	SHR	-0.17222	-0.13572	0.31491	-0.14777	0.12164	0.22396	-0.15366	0.12399	-0.08129	-0.007434	0.099885	-0.056008	0.116	-0.098076	-0.097188	-0.10546	0.009696	0.020783	0.031247	0.056973	0.11231	-0.1053	-0.084083	0.050436	-0.032932	0.0046451	0.017713	0.010495	0.0083043	-0.0083301	0.00076285	-0.0064202	-0.0014129	-0.00080686	0	
Lightgreen	Fill diamond	Erdoszentgyorgy  	SHR	-0.13432	0.16475	0.2744	-0.24273	0.094948	0.06419	-0.090459	-0.20703	-0.19234	0.12138	0.21416	-0.024007	0.094373	0.068723	-0.13708	0.10134	-0.019688	0.032837	0.036489	-0.03176	-0.044257	0.038419	-0.063497	0.02732	0.052199	0.027808	0.060916	-0.0079007	-0.0075086	0.00083599	-0.017628	-0.0037617	-0.0014564	-4.1342E-05	0	
Lightgreen	Fill diamond	Stick_Calendar   	SHR	-0.35694	-0.22366	-0.096045	0.069401	0.097324	0.028457	-0.076778	-0.023695	-0.01472	-0.01308	-0.086206	0.095774	-0.041043	0.058805	-0.00010334	0.015968	0.060452	-0.0040527	0.047738	-0.029734	-0.057625	0.060713	-0.030446	-0.023639	0.03217	-0.033881	-0.0026196	0.023909	-0.0142	0.019256	-0.01493	-0.050879	-0.0093045	-0.0020587	0	
Lightgreen	Fill diamond	Nikolsburg       	SHR	-0.32149	-0.2383	-0.089747	0.089922	0.12649	-0.093659	-0.08219	-0.030553	0.037889	-0.0024687	-0.054832	0.057977	0.019046	0.061032	0.0035711	-0.0079948	0.0003747	0.035455	0.011406	0.0056564	-0.013224	0.033315	-0.050837	0.0010444	-0.014404	0.044473	-0.0018353	0.081655	-0.053261	-0.032134	0.046092	0.022163	0.0016235	0.0036844	0	
Lightgreen	Fill diamond	Csikszentmihaly  	SHR	-0.33515	-0.22516	-0.0088646	0.04937	0.086363	-0.055518	-0.031417	0.022491	-0.019813	0.033759	-0.015181	-0.045114	-0.063977	0.015574	0.048634	0.043715	0.0055849	0.045351	-0.067626	-0.11299	-0.05837	-0.029103	-0.050785	0.041079	0.03664	0.038528	-0.01521	-0.024533	0.036136	0.039444	0.034374	-0.0037973	0.005205	-0.0013103	0	
Lightgreen	Fill diamond	Constantinople   	SHR	-0.3007	-0.16631	-0.02185	0.051548	0.16478	0.027768	-0.0094801	-0.029524	0.020304	-0.014098	0.10232	-0.046144	-0.15071	-0.016581	0.11905	0.082217	-0.006963	-0.16197	-0.01056	-0.036879	0.05873	-0.10148	0.020802	0.070494	0.051069	-0.020374	-0.027234	0.00081696	-0.01368	-0.031936	-0.016324	-0.013626	0.00070778	0.0009574	0	
Lightgreen	Fill diamond	Bodrog_Alsobu    	SHR	-0.088078	-0.33672	0.10813	0.059371	-0.31582	0.12204	0.12684	0.33265	0.12126	0.1488	0.084193	0.051737	0.12698	-0.057173	-0.062503	0.005406	0.032814	0.084587	0.013425	-0.016989	-0.079706	0.014593	0.027429	0.035525	-0.021147	-0.019747	0.020333	0.0010027	0.04329	0.0051798	-0.0033788	0.0049198	-0.0084772	0.002907	0	
Lightgreen	Fill diamond	Szekelyderzs     	SHR	-0.22467	-0.24337	-0.13841	-0.061218	-0.2941	0.0045643	0.16639	-0.15631	-0.15939	-0.021562	0.020083	0.10484	0.016874	0.070348	-0.096132	0.13567	0.2083	0.067113	0.074474	0.048372	0.046091	-0.066394	0.043266	0.026897	-0.022893	0.019364	-0.037721	-0.026516	-0.0091596	-0.022094	-0.0089794	0.0051128	0.0033397	0.00058286	0	
Lightgreen	Fill diamond	Bagy             	SHR	-0.25209	-0.33998	-0.095185	0.04395	-0.19161	0.029138	0.25213	0.030966	0.12426	0.074563	0.074617	-0.15949	-0.14962	-0.088996	0.11981	0.098263	0.032192	0.033524	-0.06251	-0.036519	-0.030923	0.039099	0.021415	0.022109	-0.033284	-0.010037	0.019786	0.018664	-0.020877	-0.0084124	-0.012622	-0.0099279	0.0020359	-0.0025809	0	
Lightgreen	Fill diamond	Szamoskozy       	SHR	-0.36307	-0.31859	-0.13885	0.018862	0.0122	0.011832	0.017906	-0.041484	-0.067696	-0.029907	0.070495	-0.058302	0.089361	0.0035531	-0.0033175	-0.047939	-0.045782	0.0078041	0.06699	0.032754	0.035478	0.036968	0.017489	0.02561	-0.0078904	0.044666	-0.043611	-0.017296	0.0069345	0.032607	0.034468	-0.0051801	-0.002559	0.002042	0	
Lightgreen	Fill diamond	Wolfenbuttel     	SHR	-0.39865	-0.25476	-0.033578	-0.036149	0.027242	0.049792	-0.045864	0.0012105	-0.031947	-0.00048849	0.010175	0.035732	0.010832	-0.0020423	0.0023797	-0.039343	-0.11803	-0.075023	-0.02879	-0.032651	-0.041883	0.062212	0.022823	0.0062578	0.04061	-0.095012	0.041794	-0.018446	-0.0034202	-0.015967	0.0068314	-0.002787	0.01131	-0.0017934	0	
Lightgreen	Fill diamond	Rudimenta        	SHR	-0.3342	-0.2441	-0.10216	0.083955	0.11244	-0.083005	-0.096011	-0.041717	0.02749	-0.046523	-0.041841	0.017025	0.010052	0.031115	0.0044731	-0.018126	-0.020109	-0.02535	0.034944	-0.014575	-0.022757	0.017571	-0.013724	0.051471	0.0065252	-0.025415	0.002555	0.013568	0.018826	-0.011616	-0.021357	0.0068506	-0.01754	0.016875	0	
Lightgreen	Fill diamond	Farkaslaki       	SHR	-0.32046	-0.26336	0.060101	-0.087158	-0.045691	-0.12334	-0.13528	-0.081911	0.11664	0.040273	-0.032952	-0.051155	0.12647	0.061828	-0.051337	0.011889	-0.020611	0.059929	-0.15204	0.0043341	0.03491	-0.045155	0.1104	-1.9538E-05	-0.052231	-0.001277	-0.0026931	-0.010969	-0.010053	-0.0098556	-0.0049031	-0.0053838	-0.0081192	-0.0010232	0	
Lightgreen	Fill diamond	Bonyhai          	SHR	-0.3541	-0.34745	-0.033322	-0.0048794	-0.080018	0.067475	-0.015801	-0.014597	-0.057116	-0.071106	0.017068	0.05125	0.032312	-0.047609	0.035265	-0.069225	0.071484	-0.083943	-0.037851	0.057963	0.030418	-0.037466	0.00048763	-0.054354	0.054274	-0.023155	0.061049	0.036749	-0.023747	0.014694	0.0015737	0.020267	0.001841	-0.0010487	0	
Lightgreen	Fill diamond	Kajoni-Ancient   	SHR	-0.35709	-0.38641	-0.10155	-0.029854	-0.046727	-0.12708	0.041139	0.0342	0.02131	-0.022551	-0.085371	0.088722	0.0024007	0.037102	-0.054974	-0.054682	-0.097624	-0.06137	0.056938	0.029457	0.025307	-0.0083162	0.00075835	-0.093444	-0.010189	0.0035755	-0.0046854	-0.018106	0.011384	-0.0078065	-0.0077302	0.00064207	-0.0042981	-0.0021906	0	
Lightgreen	Fill diamond	Bel              	SHR	-0.33466	-0.24149	-0.096402	0.08344	0.10693	-0.079807	-0.089029	-0.039848	0.025247	-0.045491	-0.037783	0.0097351	0.014197	0.024191	-0.0012163	-0.017843	-0.012018	-0.010908	0.031761	-0.0050233	-0.016854	0.0061978	0.00069931	0.044159	-0.013389	-0.0005659	0.0080125	-0.021024	0.039228	0.0075987	-0.02719	0.041048	0.01577	-0.016883	0	
Lightgreen	Fill diamond	Patakfalvi       	SHR	-0.37459	-0.22961	-0.071893	0.043795	0.068797	-0.011291	-0.091136	-0.01165	0.002906	0.064781	0.0099302	0.018179	0.0089488	0.058087	0.018568	-0.045006	-0.04501	0.041753	-0.058591	0.079857	0.015946	0.048326	-0.034398	-0.10433	-0.072943	0.056868	-0.011345	-0.013481	0.014074	0.019245	-0.023485	-0.0033291	0.0037062	0.0024409	0	
Orange	Fill square	Ozora_Totipuszta 	CBR	0.13147	-0.018582	0.52498	-0.17012	0.12667	-0.14096	-0.065503	-0.11148	-0.064808	0.0023452	-0.088928	-0.14216	0.026943	0.050027	-0.02961	0.085397	-0.031331	-0.02742	0.046114	-0.030731	-0.0597	0.010443	0.061704	-0.027717	-0.036942	-0.027186	-0.032613	0.033797	-0.011004	0.0041267	-0.0037738	0.0071813	0.0040182	-0.00099885	0	
Orange	Fill square	Janoshida        	CBR	0.2479	-0.078187	-0.058385	-0.32351	0.27305	0.14966	0.26526	-0.18595	0.056161	0.16126	-0.035082	0.062424	0.089695	-0.1032	0.1817	-0.10132	-0.044713	0.032099	0.016979	-0.021448	-0.025975	-0.021389	-0.0051153	-0.01671	-0.011115	-0.016032	-0.0068112	-0.012566	0.017091	0.013073	-0.00098819	-0.01954	-0.0027778	-0.00094084	0	
Orange	Fill square	Kiskoros-Vagohid 	CBR	0.31063	-0.12073	0.0061101	-0.43219	-0.013321	-0.37295	-0.026653	0.12402	0.10468	0.010364	-0.18571	-0.10779	0.13248	0.019269	0.048161	0.056366	0.10135	-0.05074	-0.015619	-0.081531	0.073617	0.026325	-0.012288	-0.017962	0.032232	0.0022327	-0.0034956	-0.01636	0.0062745	-0.010236	-0.0021463	0.006462	-0.0010251	0.0020512	0	
Orange	Fill square	Kornye           	CBR	0.31813	-0.15535	0.3656	0.16493	-0.12843	-0.16655	0.18715	0.22735	0.061607	-0.15298	-0.055851	-0.039641	0.041493	0.080247	-0.029899	0.0012738	-0.11795	-0.053838	0.05666	0.032048	-0.026514	0.0041106	-0.043877	0.014123	0.02046	0.02438	0.0033388	-0.0078087	-0.0068984	0.003934	-0.0050843	-0.013492	-6.4858E-05	-0.00075055	0	
Orange	Fill square	Szarvas          	CBR	0.23684	-0.10414	0.1325	0.12596	0.29817	0.085419	0.07631	0.045296	0.02985	0.13182	0.0349	0.22057	-0.02674	-0.0019568	0.14365	0.054546	0.042206	-0.013792	0.070323	0.02496	0.0056956	0.089955	0.037185	0.0117	-0.0081468	0.078659	-0.028026	-0.021031	-0.011121	-0.0060444	-0.013852	0.012433	-0.0028198	-0.0013029	0	
Orange	Fill square	Kiskundorozsma   	CBR	0.37327	-0.12875	0.11978	0.15451	0.10326	-0.34212	0.1022	0.1386	0.042407	0.21231	0.10831	0.20601	0.051697	0.12855	-0.009767	-0.02954	0.050658	0.017665	-0.021104	0.034317	-0.051326	-0.11091	-0.025103	0.019522	0.020933	-0.047266	-0.0001557	0.011575	0.0016982	-0.0011541	0.014627	-0.0091521	0.0080718	-0.00014511	0	
Orange	Fill square	Nagyszentmiklos  	CBR	0.38333	-0.038856	-0.029241	0.15572	0.19348	0.14443	0.09486	0.11142	-0.023401	0.22545	-0.025871	0.058381	0.013681	0.05565	-0.033818	0.037791	-0.097614	0.089102	0.019686	-0.040747	0.17926	0.0372	0.043014	-0.028057	0.016074	-0.028517	0.027694	0.0033349	-0.024571	-0.021003	0.0066722	0.0087508	0.004719	-0.00057405	0	
Violet	Fill triang	Jitkov           	SR	0.29028	0.048858	0.027114	-0.032784	0.094853	0.15557	-0.13737	0.072097	-0.034135	-0.13038	-0.036234	-0.074785	0.011391	0.168	0.14242	0.019456	0.098261	0.010273	0.013017	0.091503	0.023354	0.038779	0.12793	0.043617	-0.0062379	0.017563	0.08122	0.0061254	0.015899	0.01272	0.0037663	-0.022098	-0.00056652	-0.00057535	0	
Violet	Fill triang	Achik_Tash       	SR	0.3848	-0.12907	-0.09059	0.17953	0.061756	0.02639	0.032176	-0.11851	-0.075206	-0.15594	-0.16702	-0.0050231	-0.15926	0.13798	-0.14691	0.014897	0.026466	0.1387	0.059471	-0.15842	0.031475	-0.021119	-0.039603	-0.021396	-0.036983	-0.019105	0.023641	-0.002967	0.009111	0.011529	-0.0085952	-0.0011656	-0.003715	-0.00078696	0	
Violet	Fill triang	Mayaki           	SR	0.33737	-0.067267	0.23444	0.30425	-0.13095	-0.013811	-0.12726	-0.16554	0.057111	0.03707	0.18824	-0.055897	0.032354	-0.10541	-0.025753	0.10822	-0.044695	-0.10437	-0.079409	-0.025218	0.062047	0.074978	-0.021907	-0.085746	-0.029606	0.0052696	-0.037429	-0.0045557	0.024918	-0.0021042	0.0074839	-0.0038693	-0.0047357	-0.00021645	0	
Violet	Fill triang	Mayatskoe_1      	SR	0.48757	-0.041373	-0.24322	-0.061325	-0.024108	0.05265	-0.14287	0.085727	0.013207	0.1048	0.049711	-0.015788	-0.20069	0.19249	-0.11877	-0.040582	0.019998	-0.1273	-0.077943	0.029405	0.018338	-0.024359	-0.077911	-0.0018623	-0.011648	0.01292	0.015874	-0.010911	0.015297	0.0045033	0.00556	-0.015219	-0.00083081	-0.0013511	0	
Violet	Fill triang	Mayatskoe_2      	SR	0.30564	-0.23367	-0.040683	0.12035	0.039519	-0.27047	0.17926	-0.28943	0.077408	-0.032931	0.026502	-0.19819	0.016332	-0.17334	-2.664E-05	-0.057752	0.050143	0.020569	0.042482	0.057086	0.00041813	-0.031429	-0.03064	0.003048	0.018325	0.03807	0.059707	0.005269	-0.020441	0.017109	0.0014117	-0.011287	0.0013164	-0.0014389	0	
Violet	Fill triang	Mayatskoe_5      	SR	0.32643	-0.12267	-0.21514	-0.17411	-0.31171	0.19427	-0.064272	-0.10753	-8.6501E-05	0.30364	-0.24755	-0.058678	0.011903	-0.048312	-0.029724	-0.05936	-0.044006	-0.049291	-0.010303	-0.046167	-0.005554	0.0072022	-0.044468	0.052633	0.014105	0.031428	0.0014453	0.012764	0.0038887	-0.012706	-0.00078372	0.012024	0.001992	0.0015222	0	
Violet	Fill triang	Mayatskoe_10     	SR	0.2583	-0.038997	-0.07001	0.12465	-0.016639	0.21578	0.0018415	-0.11694	0.023181	-0.16065	0.016655	0.0084152	0.12409	0.013755	0.057321	0.13848	-0.13723	0.059249	-0.060857	-0.069314	-0.073367	-0.0558	0.01406	0.010948	-0.016535	-0.0072211	0.027273	0.0065889	0.00080464	-0.0098262	0.010834	0.013187	0.0020649	0.0032257	0	
Violet	Fill triang	Khumara_6        	SR	0.38579	-0.19311	-0.078064	0.091286	0.14626	-0.026869	-0.020003	0.074292	-0.20153	-0.19172	-0.052025	-0.055032	-0.040586	-0.1632	0.031215	-0.021655	-0.013152	-0.011713	0.063983	0.030296	-0.0071832	-0.023554	0.030952	-0.010805	-0.0024816	-0.027558	0.013633	-0.0197	0.05597	-0.018091	0.0075468	0.018837	-0.0033137	0.0052323	0	
Violet	Fill triang	Khumara_7        	SR	0.39954	-0.15153	-0.066731	-0.20223	0.10918	-0.14561	-0.021148	0.13808	-0.18898	-0.20276	0.029407	0.10515	-0.10741	-0.14423	-0.054508	-0.11182	-0.052946	0.082835	-0.17307	-0.0021709	-0.022214	0.040108	0.040824	0.070082	-0.0068375	0.042308	-0.032244	-0.0035266	-0.02999	-0.010715	-0.011477	-0.0017866	-0.0013539	-0.00071165	0	
Violet	Fill triang	Khumara_8        	SR	0.48284	0.00096142	-0.17011	0.18821	-0.010168	0.056855	-0.053004	-0.11878	-0.16296	0.1323	-0.16455	-0.018498	0.076466	-0.088034	0.0083733	0.039858	0.028873	-0.068494	0.0047809	0.11265	-0.051168	-0.054409	0.0050436	-0.035385	0.0024249	-0.031108	-0.032015	-0.0011032	-0.0046807	0.0056142	0.0022133	-0.0025522	-0.0022001	-0.00060364	0	
Violet	Fill triang	Kermen_Tolga     	SR	0.43408	-0.022402	-0.038101	0.030331	-0.003954	0.1289	-0.015229	-0.10881	0.080587	-0.17202	0.13781	0.19517	0.14263	-0.044435	-0.0788	-0.073212	0.15108	-0.024406	-0.12072	-0.072921	-0.038896	0.021407	0.004103	-0.042399	0.034652	-0.0093415	-0.0029131	0.010451	-0.010374	0.012868	-0.0091323	0.004467	0.0019272	-0.00018487	0	
Violet	Fill triang	Novocherkassk    	SR	0.4011	-0.050807	-0.27531	0.050289	-0.17949	-0.023928	-0.10634	-0.014154	0.094771	-0.063901	0.25556	-0.05837	0.06664	0.037847	-0.028426	-0.047951	-0.073332	-0.095554	0.12355	-0.040977	0.039278	0.0099005	0.054434	0.088663	-0.020645	0.000849	-0.038774	-0.0052163	-0.028284	0.021052	-0.002638	-0.0021837	0.0022218	-0.00053251	0	
Violet	Fill triang	Homokmegy_Halom  	SR	-0.029128	-0.13898	0.072041	-0.1716	0.20995	0.2193	0.36803	0.058341	0.094292	-0.035143	0.07177	-0.20875	-0.18438	0.044166	-0.20584	0.0019165	0.032631	-0.029668	-0.041789	0.089038	-0.030665	0.043158	-0.0040724	-0.035343	0.00098389	-0.020721	-0.026041	-0.0032603	-0.001873	-0.0074668	0.0067088	0.017473	-0.0011928	0.0017425	0	
Violet	Fill triang	Algyo            	SR	0.34603	-0.062845	-0.2309	-0.4367	-0.10547	0.043008	-0.20595	0.12292	0.12789	-0.12578	0.15532	0.039036	-0.060225	0.034069	0.14115	0.1329	-0.046928	0.074344	0.092836	0.056747	-0.058014	0.0035374	-0.068823	-0.071368	-0.010426	-0.017895	-0.018442	0.015362	-0.0060272	-0.003847	0.0043652	0.0069455	0.00093129	-0.0020307	0	
Violet	Fill triang	Kievan_Letter    	SR	0.18669	0.015497	0.35944	0.092526	-0.36099	0.045881	-0.034811	-0.12875	-0.10127	-0.0010284	-0.13944	0.032684	-0.10539	0.11584	0.1334	-0.086119	-0.040531	0.016437	-0.046709	0.11284	-0.033326	0.06845	-0.029805	0.064511	0.012054	-0.0014401	0.00442	0.0099011	-0.0072351	-0.0053135	-0.010064	0.0081121	-0.00081919	-0.00088391	0	
